200
385 1872
385 2902
385 3722
385 4912
385 7847
786 1742
786 2181
786 7199
786 8165
941 716
941 2601
941 2742
941 2902
941 9236
941 9876
2099 3722
2099 6243
2210 6394
2210 8444
2981 711
2981 1742
2981 5537
2981 6207
2981 6961
3341 26
3341 711
3341 2742
3341 2931
3341 6394
4228 4843
4228 5044
4228 5620
4228 7364
4228 9236
4240 344
4240 954
4240 1580
4240 3953
4818 26
4818 358
4818 6961
4818 8617
4872 729
4872 7847
4872 9439
4872 9912
5242 165
5242 1580
5242 2601
5242 5213
5242 5650
5242 8165
5242 8662
5242 9439
5500 3629
5500 5650
5500 9236
5500 9943
6615 4701
6615 8662
7242 4396
7242 4409
7569 729
7569 1053
7569 4912
7569 6877
7608 2334
7608 2931
7608 5650
7608 7847
7689 3234
7689 3722
7689 9411
8428 9411
9641 954
9641 6243
9641 7847
9641 9464
9771 358
9771 3071
9771 4984
9771 5005
9771 7089
9771 7199
9814 3234
9814 6207
9854 954
9854 2902
9854 2931
10096 26
10096 584
10096 729
10096 954
10096 4396
10096 6207
10096 8617
10096 9943
10129 584
10129 2397
10571 2601
10571 3629
10571 3953
10571 4701
10571 7847
11056 3722
11056 4192
11056 4396
11056 4681
11056 4701
11056 5534
11056 8165
11056 8617
11137 3722
11137 5620
12027 2334
12027 2742
12027 3770
12027 4701
13097 165
13097 2334
13097 5650
13097 6961
13097 9352
13247 3629
13247 7847
15235 711
15235 2931
15235 3953
15424 1218
15424 2902
15424 6877
15424 9464
15494 358
15494 584
15494 5044
15494 9352
15786 954
15786 3629
15786 6961
16656 954
16656 1053
16656 3722
16656 4701
16656 5650
16656 9236
16656 9912
16938 26
16938 1742
16938 4984
17098 8444
17098 9352
17547 1872
17547 2334
17547 3234
17547 4409
17547 4984
17547 5620
17723 1742
17723 3234
17723 6877
17723 9411
17734 6207
17734 6961
17734 8617
18010 1872
18224 1580
18224 2334
18224 8662
18880 4701
18880 8662
18880 9352
19186 4192
19186 5537
19186 6667
19186 6961
19186 9439
19317 358
19317 954
19317 2397
19317 3953
19317 4843
19317 6667
19317 7364
19621 165
19621 2181
19621 3722
19621 5534
19805 1402
19805 1580
19805 3592
19805 6394
19822 4409
19822 5475
19822 6961
19930 165
19930 711
19930 3629
19930 5213
19930 7089
19930 9236