500
88 48
88 70
88 592
88 1572
88 2365
88 3732
88 3785
88 4079
88 6152
88 6896
88 8009
88 9313
88 9791
322 70
322 1593
322 2417
322 2492
322 6152
322 8843
322 9074
322 9693
340 2365
340 2996
340 5409
340 6824
340 8364
340 9335
340 9693
340 9698
340 9976
407 1572
407 1816
407 2417
407 3785
407 4631
407 6733
407 8139
407 9313
499 339
499 1593
499 2417
499 4038
499 4079
499 6733
499 9527
499 9791
599 2330
599 4079
599 6152
599 8009
599 8139
599 9693
1361 1063
1361 1816
1361 2210
1361 2527
1361 3732
1361 4079
1361 5546
1361 7504
1361 8364
1361 9976
1958 2417
1958 3908
1958 6616
1958 7504
1958 8054
1958 8364
1958 9074
1958 9693
2030 1183
2030 2365
2030 3007
2030 3732
2030 3908
2030 4038
2030 4878
2030 6152
2030 6896
2030 7112
2030 9074
2098 1183
2098 1593
2098 2330
2098 2417
2098 4040
2098 4631
2098 6095
2098 6152
2098 6896
2098 7504
2098 7692
2098 8364
2098 9976
2155 1063
2155 2996
2155 3908
2155 3970
2155 4838
2155 5316
2155 6616
2155 6733
2155 6896
2155 9527
2155 9693
2155 9791
2245 2210
2245 4838
2245 6616
2245 8054
2245 9527
2245 9976
2385 70
2385 2365
2385 2629
2385 3785
2385 3970
2385 4040
2385 6733
2385 8139
2385 9313
2385 9791
2446 70
2446 339
2446 1063
2446 1183
2446 2330
2446 4038
2446 6824
2446 6825
2446 6896
2446 7112
2446 9527
2446 9693
2685 1063
2685 1593
2685 2365
2685 3007
2685 4079
2685 4573
2685 4631
2685 4878
2685 7692
2685 9335
2907 2330
2907 3970
2907 6616
2907 9074
2907 9313
2907 9527
2907 9791
2907 9976
3138 48
3138 1183
3138 1816
3138 2527
3138 3732
3138 4040
3138 4838
3138 5546
3138 6616
3138 6733
3138 7504
3138 8054
3138 8364
3138 9074
3663 48
3663 70
3663 2330
3663 3785
3663 3908
3663 3970
3663 4038
3663 6152
3663 7337
3663 7692
4001 48
4001 339
4001 1593
4001 3007
4001 3908
4001 4878
4001 6824
4001 6825
4001 6896
4001 9313
4226 70
4226 1063
4226 1593
4226 1816
4226 2330
4226 3007
4226 3970
4226 4040
4226 5316
4226 6825
4226 9527
4286 1593
4286 2365
4286 2527
4286 3970
4286 5316
4286 5409
4286 6095
4286 8139
4370 70
4370 1063
4370 1816
4370 2417
4370 2492
4370 4838
4370 5316
4370 7959
4370 9335
4370 9693
4370 9698
5022 339
5022 1593
5022 1816
5022 2072
5022 2996
5022 4878
5022 5316
5022 5409
5022 6616
5022 6825
5022 7959
5022 8139
5046 2072
5046 2330
5046 2996
5046 4079
5046 5409
5046 6616
5046 6825
5046 8054
5046 9313
5046 9527
5121 2210
5121 2417
5121 3970
5121 6095
5121 9313
5263 48
5263 339
5263 1816
5263 2210
5263 2330
5263 6824
5263 6825
5263 7692
5263 8054
5263 9976
5711 2072
5711 2629
5711 5316
5711 6095
5711 6616
5711 9527
5711 9791
5855 1063
5855 3007
5855 3908
5855 4573
5855 4838
5855 6616
5855 6896
5855 7504
5855 9074
5855 9976
6020 1816
6020 2210
6020 2629
6020 2996
6020 3908
6020 4079
6020 5316
6020 6825
6020 7337
6020 7692
6020 7959
6055 70
6055 3007
6055 3908
6055 4040
6055 6616
6055 6825
6055 7692
6055 9313
6055 9335
6055 9527
6066 1572
6066 2330
6066 4040
6066 4461
6066 4573
6066 6095
6066 6616
6066 6824
6484 592
6484 2210
6484 3007
6484 4040
6484 4079
6484 5409
6484 5546
6484 8054
6484 8364
6484 9693
6484 9698
6586 592
6586 1183
6586 1816
6586 2210
6586 2330
6586 2996
6586 4573
6586 4631
6586 4878
6586 5409
6586 7504
6586 7692
6586 7959
6586 9527
6586 9976
6669 48
6669 1063
6669 2072
6669 2365
6669 4878
6669 5316
6669 6616
6669 6733
6669 6824
6669 8009
6669 9335
6669 9976
6718 1183
6718 2072
6718 2996
6718 3007
6718 6733
6718 7692
6718 9074
7147 48
7147 592
7147 4461
7147 8139
7147 8364
7147 9313
7147 9698
7147 9791
7329 70
7329 1183
7329 2365
7329 4573
7329 5316
7329 5546
7329 6095
7329 6824
7329 6896
7329 7112
7329 8843
7715 48
7715 592
7715 1063
7715 3785
7715 3970
7715 7504
7715 7692
7715 8364
7715 9335
7715 9527
7715 9698
7852 48
7852 1183
7852 1572
7852 1593
7852 2072
7852 2996
7852 7112
7852 8009
7852 9074
7852 9335
7852 9527
7995 339
7995 1593
7995 3732
7995 4038
7995 4079
7995 6896
7995 7692
7995 8009
7995 9313
8143 2072
8143 2365
8143 2996
8143 3970
8143 4461
8143 4631
8143 6095
8143 6152
8143 6616
8143 8054
8143 8843
8143 9698
8143 9791
8157 2330
8157 2492
8157 3908
8157 5428
8157 8054
8159 592
8159 1063
8159 2210
8159 2330
8159 3970
8159 5546
8159 6896
8159 9698
8460 2330
8460 3785
8460 3908
8460 4038
8460 4040
8460 4878
8460 5409
8460 7112
8460 7692
8460 7959
8460 8139
8460 8843
8659 1572
8659 2629
8659 4038
8659 4461
8659 4573
8659 4631
8659 4838
8659 5409
8659 6896
8659 8139
8659 9976
8712 339
8712 1816
8712 2072
8712 2210
8712 2365
8712 3007
8712 4878
8712 8054
8712 9335
8712 9693
8712 9791
8712 9976
8923 339
8923 1063
8923 3970
8923 4038
8923 7112
8923 7337
8923 7959
8923 8139
9289 592
9289 1183
9289 2365
9289 2417
9289 2629
9289 2996
9289 3732
9289 3785
9289 3908
9289 3970
9289 4631
9289 7112
9289 8009
9289 8054
9289 8139
9289 9335
9289 9527
9289 9976
9973 48
9973 1593
9973 2365
9973 2527
9973 3908
9973 5316
9973 5409
9973 5428
9984 48
9984 1183
9984 2417
9984 2629
9984 3732
9984 3970
9984 4878
9984 5316
9984 6733
9984 9527
9984 9698