200
211 2
211 58
211 59
211 236
211 258
211 283
211 285
211 342
211 454
211 456
211 513
211 688
211 713
211 748
211 850
211 975
228 2
228 31
228 58
228 59
228 236
228 258
228 283
228 284
228 285
228 342
228 440
228 454
228 456
228 502
228 503
228 566
228 608
228 688
228 713
228 734
228 748
228 850
228 975
309 31
309 58
309 236
309 283
309 284
309 285
309 342
309 454
309 456
309 502
309 503
309 513
309 566
309 608
309 688
309 695
309 713
309 734
309 748
309 850
325 2
325 31
325 58
325 59
325 236
325 283
325 284
325 285
325 342
325 440
325 456
325 502
325 503
325 513
325 566
325 688
325 695
325 713
325 734
325 850
325 975
327 2
327 31
327 58
327 59
327 236
327 258
327 283
327 284
327 285
327 342
327 440
327 454
327 456
327 513
327 566
327 608
327 688
327 695
327 713
327 734
327 748
327 850
327 975
365 2
365 31
365 58
365 236
365 258
365 285
365 342
365 440
365 454
365 502
365 503
365 608
365 688
365 695
365 713
365 734
365 748
365 850
365 975
432 2
432 31
432 58
432 236
432 283
432 342
432 454
432 456
432 502
432 503
432 513
432 566
432 608
432 688
432 695
432 713
432 748
432 850
654 2
654 31
654 58
654 59
654 258
654 284
654 285
654 342
654 454
654 456
654 503
654 513
654 566
654 608
654 695
654 713
654 734
654 748
654 975
686 31
686 58
686 236
686 258
686 283
686 284
686 285
686 342
686 440
686 454
686 456
686 502
686 503
686 566
686 608
686 688
686 734
686 748
686 850
686 975
806 2
806 58
806 59
806 236
806 258
806 283
806 284
806 285
806 440
806 454
806 456
806 502
806 503
806 513
806 566
806 608
806 688
806 695
806 734
806 748
806 975