600
371 149
371 177
371 1633
371 3066
371 3992
371 4145
371 5835
371 6729
371 6755
371 7249
371 8448
371 8781
371 8980
371 9297
938 671
938 1598
938 1779
938 1951
938 2286
938 2714
938 4784
938 5149
938 5326
938 6279
938 7409
938 7495
938 8474
1286 368
1286 567
1286 1603
1286 1951
1286 2061
1286 2682
1286 3532
1286 4276
1286 4938
1286 5577
1286 5835
1286 6785
1286 7249
1286 8474
2115 149
2115 368
2115 864
2115 2253
2115 2714
2115 3471
2115 3532
2115 4276
2115 6755
2115 6785
2115 7249
2115 7409
2115 9297
2115 9634
2527 864
2527 1603
2527 1951
2527 2061
2527 3058
2527 4276
2527 4433
2527 6755
2527 8574
2565 149
2565 567
2565 3560
2565 5149
2565 5871
2565 6279
2565 6785
2565 8904
2565 8980
3065 149
3065 864
3065 1633
3065 1951
3065 2061
3065 2253
3065 2682
3065 4938
3065 5835
3065 5871
3065 6755
3065 7409
3065 7482
3065 7495
3189 967
3189 2286
3189 5326
3189 5577
3189 6175
3189 8574
3189 8980
3309 567
3309 1603
3309 3532
3309 3992
3309 4938
3309 5326
3309 5835
3309 8279
3309 8781
3309 9134
3517 177
3517 368
3517 567
3517 864
3517 2423
3517 2682
3517 3471
3517 3560
3517 3992
3517 4784
3517 6729
3517 7409
3517 8365
3517 8474
4138 1603
4138 2253
4138 3058
4138 3560
4138 4276
4138 5835
4138 6175
4138 8279
4138 9297
4138 9634
4851 671
4851 2133
4851 3058
4851 3066
4851 4694
4851 4784
4851 5149
4851 5835
4851 5871
4851 6279
4851 6755
4851 7495
4851 8279
4851 8574
4851 9297
5178 1603
5178 3560
5178 4145
5178 4276
5178 4433
5178 4938
5178 5149
5178 5326
5178 5577
5178 6175
5178 7249
5178 7409
5930 177
5930 368
5930 1598
5930 1633
5930 2133
5930 3471
5930 3532
5930 5207
5930 6231
5930 6785
5930 7482
5930 9297
6273 671
6273 2061
6273 2133
6273 2682
6273 3992
6273 6279
6273 6755
6273 7409
6273 7482
6273 8474
6273 8565
6273 8781
6273 9297
6273 9634
6587 177
6587 362
6587 1598
6587 1951
6587 2133
6587 2286
6587 2682
6587 4694
6587 5207
6587 5577
6587 5835
6587 7249
6587 7482
6587 8565
7691 149
7691 177
7691 362
7691 671
7691 864
7691 967
7691 1603
7691 1951
7691 2061
7691 2133
7691 2286
7691 2423
7691 3471
7691 4145
7691 4694
7691 6175
7691 6231
7691 6729
7691 7482
7691 8474
8287 177
8287 567
8287 671
8287 2253
8287 2682
8287 2714
8287 3066
8287 3560
8287 4938
8287 5149
8287 5207
8287 5326
8287 8474
8294 864
8294 1603
8294 2253
8294 2423
8294 3471
8294 4694
8294 4784
8294 6729
8294 6755
8294 7482
8294 8781
8294 8980
9456 368
9456 671
9456 1633
9456 2253
9456 2286
9456 3058
9456 4145
9456 4433
9456 4784
9456 4938
9456 5871
9456 6175
9456 6729
9531 149
9531 1603
9531 1779
9531 2061
9531 3532
9531 4433
9531 6175
9531 7249
9531 7482
9531 7495
9531 8781
9754 177
9754 362
9754 671
9754 1598
9754 1951
9754 2133
9754 4433
9754 4784
9754 6279
9754 7249
9754 8565
9754 8980
9754 9634
9960 149
9960 567
9960 671
9960 967
9960 3066
9960 4145
9960 4433
9960 4694
9960 5149
9960 5835
9960 6231
9960 6785
9960 8565
9960 8781
9960 8980
10004 149
10004 177
10004 2286
10004 2423
10004 3058
10004 3471
10004 3992
10004 4694
10004 6729
10004 7495
10004 8365
10004 8565
10055 177
10055 864
10055 967
10055 1598
10055 2423
10055 2682
10055 3058
10055 3560
10055 3992
10055 4145
10055 4938
10055 5326
10055 6231
10055 7409
10055 8980
10055 9134
10055 9297
10936 1633
10936 2682
10936 5577
10936 6231
10936 6729
10936 7482
10936 8565
10936 8904
11334 368
11334 567
11334 1779
11334 2061
11334 2253
11334 3066
11334 3532
11334 4145
11334 4433
11334 6175
11334 9634
11835 864
11835 3532
11835 4145
11835 4276
11835 6175
11835 7482
11835 8565
11835 9634
12269 362
12269 864
12269 1598
12269 1779
12269 1951
12269 2423
12269 3560
12269 6785
12269 8279
12269 8365
12269 8448
12269 8980
12269 9634
12488 362
12488 368
12488 567
12488 671
12488 864
12488 1598
12488 2061
12488 2714
12488 3058
12488 4276
12488 4694
12488 5326
12488 5871
12488 6785
12488 7495
12488 8574
12488 9297
13744 567
13744 1603
13744 1779
13744 6231
13744 6755
13744 7495
13744 8365
13744 9634
13894 149
13894 671
13894 864
13894 3066
13894 4276
13894 5149
13894 5207
13894 5871
13894 6279
13894 6755
13894 6785
13894 7249
13894 8565
13943 149
13943 177
13943 368
13943 1603
13943 2682
13943 2714
13943 3532
13943 3560
13943 4694
13943 4784
13943 5326
13943 6231
13943 6279
13943 9297
14003 671
14003 1598
14003 1633
14003 2253
14003 2682
14003 3532
14003 3560
14003 6279
14003 7409
14003 7495
14114 967
14114 2133
14114 2253
14114 2423
14114 3058
14114 4145
14114 4276
14114 6279
14114 8574
14114 9634
14411 177
14411 671
14411 967
14411 1603
14411 2061
14411 3560
14411 4433
14411 5326
14411 5835
14411 6279
14411 8279
14411 8980
14588 149
14588 368
14588 864
14588 1598
14588 1951
14588 2714
14588 3471
14588 3532
14588 5149
14588 5871
14588 6175
14588 6231
14588 8980
14668 149
14668 1779
14668 2286
14668 3532
14668 4276
14668 4784
14668 5149
14668 5326
14668 8279
14668 8781
14668 8980
14668 9297
14851 1951
14851 2423
14851 2682
14851 3992
14851 4938
14851 5577
14851 5871
14851 7482
14851 7495
14851 8448
14851 8574
14851 8781
15206 967
15206 1603
15206 2133
15206 2423
15206 3058
15206 6231
15206 8474
15206 8904
15206 8980
15263 967
15263 1779
15263 3066
15263 4145
15263 4276
15263 4784
15263 5577
15263 6785
15263 8474
15263 8574
15810 1951
15810 2253
15810 2423
15810 3066
15810 4784
15810 5207
15810 6231
15810 7482
15810 7495
15810 8574
15810 8781
15810 8980
15810 9297
16191 149
16191 362
16191 567
16191 671
16191 1598
16191 4145
16191 5326
16191 5835
16191 5871
16191 7249
16191 8474
16191 8574
16191 8980
16191 9134
16967 2061
16967 2133
16967 2253
16967 3560
16967 4145
16967 4938
16967 6175
16967 6729
16967 7495
16967 8365
16967 9134
16967 9634
17409 362
17409 2061
17409 3066
17409 3992
17409 5149
17409 6175
18582 3058
18582 3560
18582 4276
18582 4433
18582 5207
18582 5577
18582 5871
18582 8279
18582 8365
18582 8448
18582 8574
18582 8980
18582 9134
19230 149
19230 2286
19230 3058
19230 3560
19230 4784
19230 6231
19230 6729
19271 368
19271 671
19271 2714
19271 3058
19271 4784
19271 6175
19271 7249
19271 7495
19271 8574
19271 8980
19465 567
19465 967
19465 1779
19465 2286
19465 3471
19465 3532
19465 4276
19465 6785
19465 7409
19465 8448
19465 9134
19601 864
19601 967
19601 1598
19601 1951
19601 3560
19601 5149
19601 5326
19601 5577
19601 6279
19601 7249
19601 7482
19601 8365
19601 9634