100
24 276
24 732
24 808
29 276
29 532
29 592
49 161
49 320
49 672
49 842
49 904
71 110
110 109
110 239
110 276
110 350
110 555
176 163
176 276
176 444
176 555
176 594
176 753
176 904
181 320
181 395
181 532
181 672
181 753
271 672
271 951
282 137
282 592
282 672
282 732
428 163
428 594
428 732
428 951
486 110
486 239
486 532
486 592
486 808
486 812
486 842
486 904
495 594
540 444
547 350
547 555
547 842
572 109
572 163
572 532
605 109
605 350
605 732
605 764
605 951
630 109
630 395
630 594
630 812
685 109
685 320
685 444
685 532
685 904
737 109
737 110
737 161
737 276
737 320
737 592
737 808
737 812
787 592
787 672
838 83
838 109
838 137
838 320
868 83
868 137
868 555
868 732
868 764
886 109
886 555
886 753
886 904
906 109
906 592
906 753
910 276
910 592
910 594
910 732
910 812